9  144  150  4  104  146  112  12  14  90  72  19  21  71  117  25  27  69
30  29  34  36  149  98  42  133  66  57  38  58  52  88  6
56  46  50  60  40  67  23  61  77  5  126  64  130  94  32  76
 17  102  142  100  84  86  87  137  43  55  74  95  111  63
  83  79  103  7  70  106  107  109  122  10  96  116  24  119
  121  114  123  44  105  128  81  132  16  134  135  54  139  141
 2  75  48  148  92  125  42  3  48  7  40  10  28  13  135  16  112  84  79  24  76  43  26  31
23  129  36  143  38  137  56  102  44  100  126  51  93  53
  54  57  72  61  62  80  127  124  68  69  118  95  113
    105  106  78  91  9  15  108  86  82  133   32  50  94  71  73
98  114  141  5  109  52  140  21  104  111  17  97  75  115  116
70  120  122  19  65  128  34  130  131  107  87  63  139  46  12  37